124,4
111,6
125,3
125,2
125,1
125,0
0,278
0,386
0,243
0,550
0,549
0,548
0,547
0,472
117,4
116,4
0,273
0,270
137,35
3,2
3,1
3,3
10,89
10,157
10,13
10,183
10,187
8,13
8,11
8,18
8,6
8,2
8,3
126,3
126,1
124,3
124,1
121,2
120,2
119,4
119,3
119,1
117,3
117,1
116,3
116,1
114,3
114,1
111,3
111,1
109,3
109,1
107,3
107,1
100,3
100,1
97,3
97,1
20,3
20,2
20,1
19,3
19,2
19,1
12,3
12,2
12,1
11,27
11,26
11,25
11,24
11,23
11,22
11,21
11,20
11,19
11,18
11,17
11,16
11,15
11,14
11,13
11,12
11,11
11,10
11,9
11,8
11,7
11,6
11,5
11,4
11,3
11,2
11,1
10,304
10,302
10,299
10,293
10,290
10,289
10,288
10,282
10,280
10,279
10,275
10,271
10,270
10,267
10,264
10,260
10,259
10,258
10,256
10,253
18,1
10,252
18,3
10,248
10,231
10,229
10,223
10,209
10,203
